11.1935110196043
10.8847283395992
12.6949900220622
12.5338410940084
11.9510666600577
12.0142822174691
12.4340579901937
12.0030759148034
11.9108394557474
12.3409501919031
11.3158165526715
11.2969371469879
12.3490940411784
11.9845512271138
11.7983706092874
11.3914848472185
11.446374387189
13.0915982076448
11.8425738791733
11.4153658534841
12.1412199461641
12.5007221618835
13.4069931411578
11.9469185512996
12.3310962144545
12.1518257717066
10.9397918465542
11.4386115277501
11.8921003010465
12.0339480119965
10.3610244086925
12.2607010595182
11.9880078383312
11.4638624454331
11.5549449784937
12.7535730423675
10.5534431608884
12.3972569709871
12.2534772826417
11.5230437633442
11.7432419824202
11.7448580424933
11.7946614020477
13.1378912573533
11.7709367041732
12.3038160435035
12.0320846801062
12.2107136852755
10.5928520140482
11.9369807687961
10.4687060055972
12.297483207239
11.5322700086439
11.2125442797509
11.7832808845746
13.0109943652664
11.6436473247195
12.9944434864004
12.876025840155
12.2919901223025
13.0260759548829
13.1917443063696
11.5977677146215
11.6360502276255
11.3570753873143
11.9756620320624
11.2738060568855
11.4895507636381
13.0120747980066
11.3867738536809
12.0474137321023
12.40523536855
12.1741350540058
11.2486106912576
12.6183254000473
11.6613324847507
12.533172782524
10.7223599098893
11.6525544615606
10.6190358996461
11.8257033201929
12.0244726363906
10.8200401223623
11.6692384484589
12.145119966313
12.3610997519061
11.9578719952449
12.337522915944
11.3680916525521
11.7640715903375
12.798870150811
11.5459721038888
11.9131017777303
13.4384465434777
12.6104537651736
12.1289883426451
11.3641728860968
13.9459254417631
10.9794985123282
11.5695181580085
12.1885386114335
12.673547845654
12.4378100984138
12.3771223939242
12.2895282938202
12.0641849322011
12.305797407447
11.7840582291141
12.2641903504577
11.647373435831
12.1275078011208
12.3618706569265
10.7419315024668
12.4022298632723
10.2167104297859
12.6508100231255
12.5127493209416
11.971250179407
12.0610121092522
11.5179557563612
12.4714842367625
11.5393650654255
12.3164327775908
11.1455770501655
11.7063445007156
11.1216827039308
11.95223606098
10.9113674381933
12.044886849305
11.1521843653651
13.0081864509312
11.5868930993561
12.5517860680828
13.5610592279448
13.3330424001987
12.7232240638664
10.9735810461097
10.6296839009511
11.430024781224
11.2372077497033
12.0115542502851
12.1827050663451
13.1059422351939
12.1628253873004
11.6646466981806
13.1375628449459
12.1720731851045
12.3441471907545
13.3664206892488
12.5995559633414
11.2716035352719
13.5163506992133
11.1051018717319
12.5185055092572
12.7133175053816
10.991175321294
12.8639399759514
10.6709968683652
10.3872734896383
11.4190976372118
12.2122029755591
11.722324940262
10.5710350671141
11.2820818906578
12.7528478813001
12.4643116139998
12.4138146887188
12.4501597403511
12.2788882764244
12.0084727395486
13.2723328084866
12.0386023775968
10.5715066076783
10.5498093322816
13.351133436137
12.066674355886
11.6636045075288
12.2829159601021
10.8978953886946
10.8866806967287
11.2423409873364
10.8848508145018
14.2033225732163
11.6930076836067
11.779884431184
11.4896020795401
11.2913318880493
11.7533200160283
12.079537730382
11.883902549117
12.5543468173889
11.8095485314453
12.7799949824643
12.5781665466989
13.6079713819019
11.854191327147
11.9260064182852
11.9731189220271
11.0412334499441
12.0736833975312
11.9673357950429
11.7852796008366
13.7284661185463
11.6518767696443
11.3281467553467
12.0496925918896
12.7320903280964
12.2661516553403
12.7439021272047
12.6482122031991
11.6987218931174
13.0180642847321
11.9567310362512
13.2408393305617
12.2567648777481
12.6073580066627
10.1452920147454
11.6866818427183
10.3256768052537
10.9861780578024
11.0092689923046
12.3383237914578
13.9301067044735
12.4352308375068
11.8216789265072
12.4113001746232
13.5577771756888
10.8271214785521
10.9526023121997
12.1702604837922
12.1793072829561
12.6691343031371
10.5293492742571
11.9557044206979
11.3668794779439
12.5224107712078
12.1737203662865
11.8874683298638
12.1532857621384
13.3594350337907
12.7096282172919
12.4118776604041
12.3873373511111
12.2207587508607
11.9180529277003
12.5834602451454
12.5775013840964
12.4288131791116
11.1371144015079
12.3620744089627
12.1836098435675
11.9150722154055
13.0118370033619
12.4883608174733
13.4163539811454
12.1779576583546
12.0413541417929
11.0568194031747
11.6815883238462
12.377569549037
11.5211243556345
11.0647141396248
11.1441535210638
10.9651157183243
11.4889793450827
11.7997247300476
12.6399237061069
11.8154102934917
11.2836073290542
12.0237211420237
11.6952013585663
11.814831540539
11.9150022722398
12.0221325522701
12.4666022503644
12.4397277122485
12.0410619889765
11.7535846343031
11.8493607150643
13.7417661476205
11.7176423880772
12.5701869935798
10.5370437891991
11.8673730067708
12.471033784716
12.1512793913056
12.164389768535
11.275759326055
11.5946985429773
11.0792235534894
11.6711286840784
10.8333588500883
11.9425564572331
11.2651088681042
12.0044174609653
9.49171104088931
11.7738508138831
12.0140073387835
13.3642729960469
11.0458243189704
12.8615337117599
12.9468965108352
11.5603077191286
11.7859418691868
12.9388367385706
11.7718771387527
10.9855335333857
13.0611636860942
10.6416698353152
11.7583036852095
11.8292391192006
12.2405219093361
12.4503667806061
10.7841543646765
11.4628171729913
12.1140930692485
11.1489812787371
11.3322248821489
12.7576303417397
11.244448557814
12.4725020490952
10.9567822948595
12.6501238880429
12.63388093075
11.5283186531604
11.4024778218538
11.4022346412963
11.0782187815743
12.1241171609982
13.4468331329895
11.9587503635684
11.7399616370409
12.0094825959309
14.0842339975351
10.6051417419178
12.2893941638506
12.345505388549
12.3237520944849
11.9531453843963
11.9926112087215
12.5529108467928
11.9834825979076
11.814351323306
12.1416950018312
12.1611389512675
11.2646958879767
11.5064433878681
10.5973770657838
14.571572581434
12.2220762162746
11.7462859745524
11.6279993500111
11.209833700742
11.9893619981026
12.2651036499708
12.0928350666042
11.4159220347801
11.5753503622116
11.9134545870913
11.676788927896
12.4323030186944
12.2555941714329
12.5311837631047
12.3842448376973
11.3147161909762
11.2945721729101
11.0480109858244
11.4341982969104
12.1669450482744
12.6877109937072
10.5416922360416
11.0462592687266
12.484562152136
11.8344550309332
11.8821747947843
13.1172087557695
11.9468047173313
12.0463206934411
11.1355051311619
13.2342008847743
12.0815277861458
11.8236134458695
12.8050140672895
12.5101442715578
11.5266622735502
12.7959173385888
11.9661250987916
11.3870992602967
12.4152268253678
12.5443918151692
12.052447168995
12.8760327396802
11.7081004886536
11.2802453650037
13.6712292245519
11.769266733678
12.4309229474324
10.3400904178661
10.6812686339077
11.6308922757893
11.6877918557587
10.883447925502
13.2566664399172
11.2264409650221
11.7273985745997
12.8568953780736
10.2813153425431
12.0424272902301
12.9503634119922
11.4325836738519
12.2713982138194
11.8046353023063
11.785151697107
12.9691889600977
12.1524343430424
11.3566167263184
13.0974015865467
12.2372335922284
11.5199213800725
11.9555383154768
11.8783821190579
11.8891802363501
11.8626791569114
11.7001263862945
11.1461454714521
11.4500787211017
12.8558741772719
12.5272561825796
11.4626489495712
12.7059167531069
12.5995515672143
11.4048917415597
12.3468888597507
11.3275756198252
11.889482516663
12.7246766732699
11.6744911211752
11.6678739299967
11.5082740285561
10.0987928330885
11.6821989566639
11.7847664409947
11.60495683937
12.9164800709319
11.2017221667026
11.8284438623344
11.7706315977849
12.5693526503386
12.7802266110202
11.0894273870557
11.7635018576891
12.1869263813239
11.9575158855506
11.831676667644
12.2994141611694
11.6684363696054
12.0721107504744
12.2936577234028
11.3721667491329
11.8037299386293
12.928789480623
11.7324106723605
12.3430611568869
11.3429189485896
12.8380850116029
12.2654172864572
12.9660064712094
12.1660663123209
13.2385556627994
11.801190629012
13.6065637802662
11.5650206286335
12.6636958876831
12.0214768699133
12.4339911866107
12.5371634548794
10.4375224634271
10.8856355600184
12.5017673743689
11.9063398980549
12.7292676650287
12.5861552551069
12.1211041092676
10.8637506376924
11.9773525084281
12.3936777636547
12.4253204435891
12.1778376877764
11.6337844950589
12.2739585317621
12.351657182782
12.4028433782427
11.9549263182212
11.0651264467274
11.3764980158403
12.0194588470141
13.3047328787073
9.99382706841881
12.9658074018327
12.149298139021
12.3424491913397
12.6936553609785
11.2249182378015
13.5693352575368
11.8555247412701
11.4253753423936
11.6816751693432
10.3556395393309
10.9917518163058
12.716240267641
11.5976872501642
10.8579073132396
10.8861500845487
12.3657292394411
12.7001237394698
11.337969962734
13.0831980166475
11.2621878919581
11.4444518272254
10.369323028658
11.3521616775117
12.3884295085523
12.2286972628857
12.7579707455015
12.3604103855237
12.291534299334
12.1593740151083
12.2982730421238
12.5628648623933
12.8891205471338
11.4306059802635
11.7490800288898
11.4044778220384
12.5533202901641
12.9544978256148
11.8449191037431
10.6578946744926
13.397367800727
12.6880979655211
13.0232375932475
12.4564761324792
11.7303834118648
12.6408063913766
12.0178709242064
11.5055872527289
11.2700382016523
12.7497706176716
12.1318384742032
11.5860208597894
12.1884694305597
11.5100110168705
12.6089063965501
10.7600302614232
12.7154926482554
11.1323410963355
11.0314943619933
11.7593781857211
11.8303973302188
13.0618941480653
11.3384004093527
11.3587836996812
12.6743732239178
11.7267413116181
12.6430391167208
12.4325501226095
10.514999186492
13.3382138169099
14.1194690925006
11.2971643287142
12.6008912089894
11.5169812736729
11.2441862638037
10.9262295203331
11.8570172202256
11.7580596384997
11.5407678880825
12.18150413026
11.5754604528308
12.4679294950151
11.6209468267903
12.4413216346592
12.6698664476389
11.5143145672073
12.6693200028263
11.5496882357065
12.7215764571388
12.7372272752747
12.8243557783834
12.0855347938375
10.8145314251562
12.7275045959643
13.9397756778902
12.1641179081474
12.1759585753523
11.2382654507783
12.2549013549452
10.5544267911027
13.061520470627
13.057799886216
11.8824633791797
12.0135754261435
13.1669746668496
11.9664046820727
10.8006330291315
11.5529437407976
11.0471647796326
11.6257455085237
13.0365183721143
11.9035533949069
13.6019400786874
11.9591804514421
12.1048625612741
12.829649433525
12.3925885216598
10.5576364878267
11.2086328910915
13.1556186467038
11.5479865016588
11.599022422871
11.5191491659078
11.3147124932515
12.0135951946802
11.2250904949243
12.1184332700126
11.1766058236124
11.8667948841449
11.3160639573318
12.3622521458418
12.7111597899218
11.6732398620653
12.380197478608
12.6836384947828
11.8945016624669
12.0017394312642
12.1447003932514
11.6619354840083
12.3021533727104
10.4368388941614
12.6846493212974
11.9103663871226
10.2684196482706
11.7087750807198
11.6438961460634
11.5029950738075
11.2968836820039
12.0332718016994
11.883584663352
12.4044323886563
10.5023907242144
12.3028610167922
12.0441607041153
11.9018597476919
11.6210811667213
13.4339484594262
10.8070801077141
13.2326227972262
12.4322112413289
11.2836920881012
12.8648667284595
11.9199801847061
11.4186376825364
12.0022941760339
11.8068598147747
12.1529934929194
11.8165511616911
11.4682190794493
11.3749386838186
12.4319339935297
11.4406935303519
11.7767394483412
12.0058454204718
11.8401920336108
11.8388178488343
11.9726472870431
11.6868652747146
11.1254998276503
12.2031663989004
13.9226678823578
10.2381044783278
12.182690009841
11.8924598051034
11.9592450612262
10.2126374791549
10.2529425365026
12.0592759701178
11.9653940497747
12.6512298589814
12.2026470321903
11.7338334597978
13.0737524750772
11.8307241840393
12.231814651269
12.9013775037813
11.287123437414
11.9675931186957
11.9994311537745
11.8480503360373
12.1379253011147
11.2902047306031
10.9206517309573
11.2470183698893
12.2279009177158
10.2021387889412
12.2869255380359
11.2728305371016
12.2664924204694
12.3508657302511
12.8254409560302
11.746574818706
12.1512744882675
12.1450651141649
11.865563548666
11.7446631846215
12.7045873530179
11.314627750813
13.7059059752318
11.6904473655257
12.4417151476003
13.063209068075
10.9780594393707
11.791200711899
11.9738549877898
12.3899607460237
13.5887045968091
11.0388061990366
11.6957528937812
11.7872669428054
12.9660730288198
11.9475842689298
13.7843220835197
11.9841490843272
12.2351491591846
11.7599127677041
12.0017467233171
10.7456820761088
11.2820259179243
11.5676143472502
12.771265781833
11.3694453796887
12.2247041705984
12.2755203263167
12.289279908552
11.9101207694002
12.4201401438885
11.3881394889296
11.6471796012242
11.1264571805388
11.9486504680732
11.589549774211
11.5868312716884
11.885764886039
11.6806565126917
11.9401485606054
12.3383886558911
11.9567243554231
12.8723356852489
10.3605599427628
12.0255889430473
11.648394483895
12.9593381690133
12.5180514734788
13.5481847273163
12.3991654176822
13.5976302384111
11.3805204028897
11.0061233725895
12.6472360218756
10.7664611478041
11.2225697020519
12.9631353765155
11.0610095071891
11.7294760750042
11.4934969711061
11.576363800241
11.5937531155666
12.2401069784486
11.7121832443844
11.9331615458957
12.4417657664015
12.0192948816998
12.8808231787498
11.1046867434147
11.6546996512182
12.1897486414841
11.425850205892
12.5675211930362
12.5573495100086
11.4341661099415
10.668359797931
10.7148967090489
11.7047715818635
13.1110138002577
12.5407843159124
12.3858224825758
11.1229781337538
10.6431051875629
11.745559276914
11.0665379148405
12.0457523113107
12.06351527324
10.6989904951664
10.8861476363191
12.1001328655803
12.1700744685972
11.9684065634114
12.1501852892982
12.407030076649
11.656988060169
13.1426472511641
11.6852142250206
12.6774200273865
10.8812667025973
11.1673474958224
11.8299310719921
11.4641240523455
11.757543200007
11.2824783090989
13.396715402661
11.8803051166792
11.4743097890195
11.9059907605326
10.7465776741065
11.7417385633168
12.3465286034941
12.9033220296231
12.0320714476412
11.4376218712252
11.3543586620969
11.0533190194593
12.0271325703027
10.4191661082862
11.3113134731236
11.8388390049967
12.0628983488995
12.2601441221742
14.1068551010854
10.3250372498218
11.5688469294211
11.40564933036
11.6609415353161
12.0362879847847
11.2522470955924
11.1118415583096
11.0746035439917
11.6322810266577
14.6933497909087
11.6130872474963
11.7345407469322
10.2123461597267
12.4148567813096
11.1537161941914
12.1932528730044
11.6413263836059
12.4640446977363
12.5362380706912
11.4694651851083
11.3114949805933
11.3640259727224
11.4468383068927
12.7675485878392
13.1873928806112
11.2241677311208
12.8825205774114
12.2299049787524
11.9042714028189
10.1946849712631
10.8985997450531
10.6368834095103
12.239563126085
12.46316362829
11.5858921275228
10.534440244867
12.2283802503176
12.4966683096269
11.8637460709274
11.1233172027293
11.4141886195478
12.1705438720217
11.5825249221666
12.0877101189463
10.866625801205
13.0859496697112
11.4700340796645
11.9450887821084
11.3359220024936
11.6093301604215
11.6843665948241
11.2680726130137
14.1480929443837
11.1928397118473
12.6992506540551
11.5890813802163
11.9547856067018
12.645947143779
11.2643963863397
9.41427988750683
13.8932267142631
11.0598837435783
12.5142571779093
11.6895527694165
13.1625334273944
12.7605005784763
11.3993781730547
11.5159401680292
11.6858359167398
12.9328639598792
10.8088821701295
12.2797802019813
11.026896961011
10.2467506713679
11.3929958583907
11.9118443389942
11.8941363965454
12.388222004213
12.5075265487719
11.3228960569652
12.478140488492
12.2055054975404
10.8756600809989
12.9021468321666
12.9968014529474
11.8539564098269
12.8326322761826
11.9933781745509
11.903032279432
12.0316382171292
12.4845013395555
12.4753745768087
13.2320680407703
13.1411893196403
11.3614959319856
12.6814666173409
12.2816897826551
11.662244237048
11.3339451086087
12.4461117866836
11.5135431967921
11.8037508604926
12.9247372574783
13.1298863276429
11.9044863297405
12.0434617749651
12.5438620857478
11.3153976535005
11.5400829892862
12.1350962407152
11.607735763949
12.0583988649891
11.8413055303832
11.7616150504551
11.8585552098957
13.1147379581046
12.6979920591497
10.9962233267338
11.7026985089362
10.8189296685351
12.8821877266019
11.6001907640217
11.3068329039041
11.2636898221043
11.9484598904971
11.7975393355872
11.5847637794286
12.5543327898941
13.5563187289857
11.0369892866897
12.6200941595049
11.3457310409306
12.87877128367
11.563438789273
12.4952769438899
11.6143794656881
12.6284928112449
11.3086139135404
12.3075776635349
12.610518607273
11.1254269059077
11.0883658251547
13.3825041674768
12.5347973678195
11.6364531718163
11.7459734233297
11.5395684722746
11.4159296584891
10.7271658066443
12.817553187381
12.1215511156028
10.2327813248844
11.0112231704639
14.1149917761949
12.4437712222283
12.014123232291
12.0816713628658
12.0059732767903
10.2572293099908
11.585389207408
12.5333562399124
10.9949472123718
12.5965415903146
12.4573250729145
11.6762368318952
11.909105573074
12.7760007453461
11.9710942511651
11.943881181987
10.5514012719491
11.4588135732816
12.2095601806481
12.7368784088407
11.1507453803761
12.6371975657467
11.7881659896215
10.3149375238996
13.4565487589761
12.3871860168581
11.5814788736934
12.9994908569736
13.1239072251117
10.4720672220746
12.4563213488964
12.6372767616815
12.8263758710222
11.5664418087852
12.3975321782391
11.1373280677296
12.3022864577485
11.9801967336365
12.4216423873076
10.9293107053501
10.5376531008915
11.8433664697692
11.8099910264486
11.5990093597317
11.9067239926614
11.5769622089769
11.6727594256706
11.7695062449236
11.9449751172058
11.6410921964229
12.5435471344228
10.1222090708899
11.0441224867748
12.5647704362843
11.0384807288538
11.236526410245
10.9360169405043
11.2901469572128
12.2177158158748
12.0120189854926
10.4883014619732
10.8817871192495
13.4894263040898
12.10139115959
12.1137802530998
10.5732096453301
13.4960523573009
12.6089747248041
12.6166163631356
11.1706469965131
10.7085162896749
11.642247879663
12.1708710042405
11.3116319636332
11.6319811186333
12.9933044059585
11.9092694692347
10.7678031638817
12.2678455364957
11.9157332053207
11.0348575514949
11.4680417122374
12.5952447689473
11.7866784715898
12.7506158375341
12.3661571961632
13.3258971064687
12.7057233420465
12.1096329513732
12.5237880040071
12.6736225270609
12.3459212780394
10.7956923193239
10.884388471054
12.1450223756198
11.8974153788732
11.574355626466
11.253876853623
11.8738725529714
11.8176251205154
12.0483195291149
13.8348725267278
11.5035825948885
12.6065034750677
12.0997852051943
12.0903021000042
10.6040358357119
13.4539698464416
12.5550903859724
12.3053133211762
12.5191049416322
11.8696800136129
10.877809778367
12.2107917142069
11.9628902654486
11.5255235772314
13.1567633753078
12.0309759269579
11.630785365093
11.2128656093328
11.3774298085086
12.0807673697215
12.0141018813836
11.9240180894474
11.4738746740762
12.6820081209114
11.9499353106301
11.2867334171541
12.3854771026766
12.3452979210725
11.4307536152288
11.8652459686723
11.7474240325846
11.7401656767834
10.38574974314
10.5815156756557
11.7735568059166
13.6109114589211
12.2145401320054
11.4578031860582
10.9585666756745
12.7258797919384
12.6158379149953
12.1923173498914
12.8865833161695
12.6859178362433
11.6320771563201
10.7948397934972
12.1288381842811
11.1360116573855
11.598095329338
12.0085568578993
12.898865561973
11.0687680264757
13.0139360688617
12.5815984462454
12.7225165012379
11.4700939497642
10.8945431157687
12.3703955379685
11.6807824749618
12.9472415251374
11.1950543457069
12.5688569358578
9.73381970797213
11.1711364418376
11.5327242641447
12.7315867430922
12.4443007079985
11.558106076505
10.0261818992487
10.9620326373296
11.5423908466309
12.9070943618173
11.0369622138768
11.8983504080178
13.5173664338521
10.8574084993682
11.575152011266
10.6247827901945
14.3040985477569
11.8904289231536
12.9048128527392
10.7511562846042
12.5384315017505
12.1523759482555
12.1645994804224
13.5470793817007
11.1945970120647
12.9207436222537
11.8238342652819
11.9569652604703
11.300584014913
12.370711586967
11.0305439919984
13.4506481148117
11.5759425818394
11.3743844335288
11.2804084753045
10.6109233199516
11.8794600217899
12.3919928088247
12.2293129038246
11.8259970306512
11.7235882772567
13.52604551063
11.8073741600076
12.1280553426508
10.9896275152849
12.2152825233601
11.9816729074111
10.5359311871746
12.230684398778
11.8517777145257
12.0358836647743
11.1678141838208
13.3800397580405
12.0115265481609
9.8313868414568
11.8087976681716
12.0356169883413
11.6283364578202
11.682651087169
11.7968194333106
12.6042126280375
12.6213223133818
11.6302456440911
11.8192425081855
13.0018576513385
11.7826291083909
12.6496613331146
12.2934850838031
11.8798506960769
12.1404309320872
11.8136328949613
12.4249490935796
11.9613153547693
12.9874449705665
12.3575727187693
10.0042921448281
11.7956231601267
10.9524652284014
12.3414404358102
11.6704690331677
11.4079785224925
11.1275460051074
11.5236917254904
11.2036530408173
13.2741471772949
11.4762320973419
10.8738743196647
11.4349297782716
11.9736536317812
12.2982358456088
12.2789715510209
12.6345112453516
11.5210797825355
11.5964468284346
12.0676208407306
11.6768641759331
11.7062623782247
11.4657772475285
11.3587185568303
10.7632329667323
11.7076503044379
12.0247973238074
12.9924661646058
12.000412167653
11.7257182080251
13.9539223451523
12.2337555357974
12.5272594308054
11.2712558520818
11.949536415754
12.5144606724343
12.7435764018828
12.3225481313948
11.3634818632001
12.5939692565217
12.775097502577
11.5133165639084
13.3942924225358
11.0170801016478
12.0137861217003
11.3643376450578
10.8777669077663
11.3757997756226
10.6864731407902
12.2280465141528
12.0479411009506
12.2031721694755
11.9541769032376
13.3314530336004
13.4230542009997
11.1741703932888
13.2354845188976
10.9186117409069
10.8880009912043
12.1156908740939
12.4508695154135
12.2606680300671
12.0621467807824
12.214758241142
12.2866091148645
11.1045922592628
11.834707982038
11.3390290350001
11.8392747029309
12.3879436751973
11.6573239447283
11.2867669857939
12.5829490073315
12.6131883833402
10.7701775797612
11.463512701063
10.8538836387687
11.2029399445211
11.5631550305723
11.5038533171662
13.1551251810526
10.4163225160167
11.4172456908329
10.1946957323398
12.8344519399676
10.8783725008387
12.4254193203118
11.3715769340583
11.567152952871
11.185432496793
11.9670572637205
11.0645775788222
11.5391617704577
12.4195403757895
12.3208380049051
11.3338411811351
10.6655775614661
11.0678146307793
11.6519838796091
11.6207834935155
12.0187877735351
12.4289147848786
13.2378384362569
12.5248650778861
13.1170398339285
12.7748646409165
11.6675444121504
12.2754046597603
11.4998780938308
12.370200700501
11.6636252259972
13.1374281989985
11.2997470118989
11.6964955772087
11.469594626916
12.0761382435799
13.5884893911197
11.5853961912008
10.6624407024619
11.8905452819751
11.2073402070133
11.7614579665439
11.7712445687413
11.4214505761081
11.3807662562806
12.4883597259558
11.6727846640948
12.3128983845091
12.6679858641648
11.8242553865712
11.1388121415398
13.9607791526908
12.1092812035923
11.6313449832053
10.9110103938394
11.9495984161882
12.6705508888686
11.3069501355229
12.5461227640022
11.5654972565916
10.4484775779028
11.7408489140585
13.2300718216074
11.1050771997383
12.5906726722154
12.368562739727
10.5090567020242
11.0274137244409
13.1486528834893
11.4947466468309
11.8658990640369
11.4529471589955
11.1954156851736
11.5934433589904
12.3443267800511
13.4789442468478
12.083555309248
12.299162994117
12.0538667981329
13.1635814543725
12.1113819024603
11.9997997072027
10.9036680610476
10.4369349013493
11.2561166241501
11.9723074320265
11.9918056540472
11.8425473259735
12.3748700744865
10.1554784574079
10.891556864345
11.4151516770281
12.2939041831046
11.1180082802958
11.9423692041474
11.3759845824283
11.6363093588811
12.2708306148167
12.1608557126404
12.5538102405283
12.3121587593781
10.6471993625311
12.0489414945965
11.8343609372385
13.3793804782276
12.1253567178619
11.0728426241223
11.6263202774671
11.5036447266736
13.9875231031934
12.9091463488724
12.4796104479426
11.4420080467734
13.6234582158738
12.2152250559741
12.1266079498996
10.8917988469012
11.7393467968722
13.5778684094074
11.4075283148032
11.495759634114
10.8321587513023
11.7736480151796
12.7618845803557
11.9157595593707
10.6294247446844
11.2182296656709
12.4017868953797
12.6021115338115
12.1995070166098
10.7928194443111
11.6523059298233
10.8885521187262
12.799702493475
11.464565991125
12.2179013016964
10.155248393631
12.1559383944872
12.3819991880762
11.4969335342602
12.1869943713413
12.6894281483688
11.9130830170177
10.9140023929018
12.5857340036239
12.240797559797
9.7095651428829
10.603977194197
11.1271504969674
11.8151553826931
12.7220360384704
11.5307620776034
11.4129640862057
11.9431732661938
11.4663499063594
13.5579872768393
10.8687468931165
11.4199809012105
11.2402693302365
12.3636462889423
10.6760045881371
12.1248412912586
12.8023663892867
11.2448897448485
11.9513152527796
12.0485747036839
11.3249049841877
13.2855936682693
10.9059235642355
11.6638373038089
12.2414633050725
11.214330921516
11.0843441348101
11.4160738483777
11.8267114282995
12.3629243444862
12.4976929423942
10.9465766983911
11.5124573885296
11.2482430929886
11.0166146992804
11.4205062041269
11.7750867938933
11.513277999192
12.0614938967015
13.3858951965937
11.7407558545806
12.5800718065854
10.5359451227674
12.9980487086772
11.3396077073563
13.4810650744239
12.5167231157976
12.261476286235
11.8027089302418
12.8802647436914
12.527823210306
12.6422654423434
12.320472180396
12.1225899032054
11.8515503389493
11.1690054768814
12.7574863073026
10.8350282050463
11.9832659528042
12.3850261111912
12.3027566254408
11.6084499582114
12.2139403461492
12.8054587470196
11.2710817437361
11.6317338125495
11.9453348703223
10.8851582265677
12.1967535623092
13.2441064686879
11.0032994789601
12.3196094117112
13.5855664996092
11.7518573325733
12.688676125603
11.7671815269276
12.702221346135
11.1423922040256
13.2021388342984
12.9105088200421
12.1688529196148
10.9064369934994
12.0275888163589
11.1088377715229
12.7442978428809
12.3343916860752
12.7207123170113
11.8877368552367
12.8483243043451
10.8389801632419
11.5617947782209
13.0460051746512
13.4953553543105
11.3954731027975
11.0700785201663
13.2625335754284
11.8371816545382
11.5280753528749
11.1722458593035
11.8178762690394
11.8224136873638
11.916131176556
11.9836472605374
11.8497665706589
12.3068595816693
11.807850497578
10.9941808447742
12.0864202377711
11.5083894175654
12.6405018652238
11.425472958789
11.2029291487441
11.5379558803982
11.4447241198981
11.872861871557
12.7344307153139
12.3634092337141
11.6719308040661
11.1071571575274
12.1630575711978
12.08108310866
11.1491824489417
13.8361270028138
11.964091328931
12.5279020166103
13.0136439872504
11.7859483906696
12.116144671722
10.9442794762761
10.9774202492155
12.6012428588145
10.8881610024429
13.4964584026642
12.9728663786734
11.3122048485829
10.4818783192361
12.1677200643997
12.6770560831557
10.8487185593381
11.9135157650924
11.9393963591623
10.3542078897555
10.2353842889267
11.7938456696001
10.6020822778361
11.3963522562435
10.9303701505714
10.4837493575296
12.6290315174397
12.9415673028132
11.1516096974635
12.2151008119169
10.7555711331967
12.1765609422315
12.918945209888
11.224829311278
11.3873106869905
11.7366720336871
12.7050157882641
12.4914671992492
10.9159556164466
12.0953654082631
12.866109113518
12.5534498928141
10.9976317637418
11.9998126914581
12.0879193767101
12.9804184204928
11.4036758850698
11.3606509292689
12.6780914950212
11.922922357652
13.058454262185
12.9664499547946
11.6740373546132
11.7744131893361
10.4203002987551
11.0982266106482
11.5501472994141
11.9505138746186
11.8120791968572
11.1736428951516
11.3193370629671
11.7910166739847
12.6865751498682
10.4014888309589
12.0745214426958
12.1410837288806
11.1920147245444
12.8130284919007
11.2785216869935
11.3368246336197
12.2171213402704
12.8816660605363
12.6979329509052
11.5435649102555
10.3673936345435
11.6908854845875
12.0939839432434
11.4656547526861
11.8059998758669
10.7454792977395
11.997964662023
11.5629023787419
12.9889958335074
11.3959159739722
13.0364581705778
11.9613926912843
13.1737218918981
13.2158031687644
11.8486949469715
11.7184340934262
11.6072835661724
11.110353971009
12.1135596937527
11.6631528041155
11.754241325699
11.1205495777376
11.6304976128235
11.3992007683096
12.4973589594122
13.0687805150711
10.0597559232031
10.6006173592908
13.3469030129817
10.6993922833116
11.6639088124727
10.7772007989852
10.6728023611179
10.7189939773423
12.577415375346
12.9465811479244
11.9087034202212
12.7115659134883
13.0077359718973
11.4698070867838
13.1652979036947
10.8784861585013
11.1487547091934
11.0586298888867
13.0633966512745
12.971903773262
10.6451932995799
11.9520216786461
11.8110985136503
12.4844496227747
12.5357047625512
11.3917251803784
11.5074923068236
12.5501267908718
12.4174790297856
11.8172269539955
10.5709509674056
11.9810702404576
12.5731286098461
12.338562498979
12.6336522354358
12.1701499584704
11.9926566078941
12.3762745409379
13.565261036195
11.8789711423758
12.2646868937968
11.5795685338763
11.1711559026422
10.5763184463233
11.6585380662616
12.1538821101337
13.082922049261
10.5218304090961
13.4080259227367
12.3429815538061
10.5338976138661
12.0687938833107
10.8876273488487
12.7998867099026
10.8520482956714
11.0686019005216
12.6891200009273
12.1628998540645
12.2933635319889
12.1212731874069
12.2697202165917
12.2585501176584
11.5953973128788
12.0221512920631
12.0399609360879
11.6513197205357
11.5144680760621
11.8299828868175
11.4500163575675
11.4815592836075
12.2715906021105
12.0440105803689
12.3978468134631
12.3647630532902
11.8356494552336
11.5846748507601
12.0706594609542
12.0279597097021
10.8553234303554
11.3337429022163
13.7511911665928
12.6818340269308
13.8308859514752
12.1480191516074
13.0099774575592
12.2337003014306
11.8406209610147
12.2615858223791
12.4926670079212
10.3051457297034
11.8660321160346
12.8845710380771
12.8684547482928
11.7602554958571
11.8518073752054
11.6626636001332
11.9809180899713
11.8818468203796
11.8693191691988
10.1161622444797
13.5951048105913
11.0390357989654
12.8529799294808
11.9949994311491
11.8856616779389
11.8514382885925
12.1023243142969
12.7142662734125
10.6953116018324
12.5032799263945
13.5730065280873
12.2779805055077
12.3045375369275
11.3676579133603
13.6085045156566
12.1858797067944
11.2011281845862
11.1881879230031
11.8915800950647
11.6731283703753
12.7644429203589
11.1865652761165
11.8557006161551
11.6225832453981
12.7185113150662
12.6531778862461
11.8169630386612
11.6358155951343
11.5728743340123
11.641734541759
12.2626831989644
12.1522182080345
12.8142943010324
12.1009596392349
12.5946663411423
12.3840411424159
11.1555117879806
12.4395951106587
11.2511879003741
10.8566467435961
12.2789861976149
11.815453427846
11.3162007831859
12.6770729139604
12.1034055952836
12.6131795298205
12.3986466109619
12.4714381416977
11.6701643231798
11.6046805896042
11.5860022243629
11.0982869687581
12.9108964828355
12.7155183725688
11.5679380710209
11.1055420185617
11.7014698823061
11.2576468196706
12.1347598646293
12.3818302931199
12.61890081922
11.6974041774257
11.0395555724861
11.0730798851411
11.7542123384612
12.4598138019654
11.1818493320322
12.1527825257433
10.6869253139677
11.0660644927557
11.6196708086882
12.0932704244903
11.5904916401619
12.1264613158058
12.1236284744109
11.2598488332296
11.0601513597298
12.386633404648
11.2745154792654
11.6672729131312
11.6074558383599
12.1339370310447
11.5774105188403
11.6416077875371
11.2530343012294
11.0143010093361
11.0136395629332
11.3110572335969
12.1248354660445
10.6186728716276
11.2228121948388
12.517365056895
12.873545046276
12.0852726534513
11.6634576212956
12.5695610429299
10.4631429543711
10.6605459938874
11.1100121979277
10.9366211136706
11.3927809751372
12.2666360144306
10.6382656526776
11.4952087860357
11.9475756469892
10.5423498569818
11.8336196840974
13.1804262851437
13.1871320470764
12.8276153925357
11.7735177424858
10.8143724942634
10.4787629215826
11.6256732408774
11.0165896916119
12.912464995607
11.5339726626049
12.8340624884528
12.4048503348738
12.8581791493994
11.9043882435006
11.6016647423294
12.4719604307871
12.8832161539128
11.7558338465698
12.7203409270124
10.1901323530875
11.5050049397133
12.1579317068762
10.7612457796883
11.5456947457091
11.8238604979094
11.3449277372238
10.7116732006677
12.8112511782811
11.2094938074559
11.202881485098
12.1167430460466
11.326526880109
12.3000342274067
10.1627874215196
12.7300045256619
10.3684112060075
11.1735734280262
12.0945605268305
12.3829940188506
12.4383852038019
11.7074966603988
12.1299574058142
11.3882434021266
11.573759755859
11.912727209063
12.4635770201868
12.632062069957
13.8849857256816
12.5483143441169
12.349077975212
12.4197062284227
11.2450321890136
12.065004514412
12.5111981660561
11.5667063363831
11.9253905173824
12.724848985137
12.2031143318984
12.2331560986824
13.6075783720701
12.5437486520706
11.8264576133301
11.2954374978185
12.0502071260835
11.5223144875897
12.6329291039435
12.5408634135272
10.7058889543842
10.8984160357008
12.2291549437136
12.6125736604268
12.786907267879
11.1700534725614
11.4864377945712
11.860809664362
10.6443001068859
12.4852625965428
11.7209213605328
11.998145282572
11.4974595263018
13.4071151504647
11.8068344187836
11.2603822263885
11.9680695378085
10.4217470715155
12.1012902683797
11.365114625709
10.9446532987625
11.9829828755419
12.6179408244605
12.6244494341247
11.6207935971917
11.1447164709539
11.5488713747573
11.5246992983072
12.4008886213539
11.0580769019609
9.94933742794596
12.6303822279989
11.6092108648513
12.2623767849063
13.1020311144074
12.4084462656035
12.5492129256435
12.2235458153229
11.7889446847486
10.9696894046497
10.7378830994739
12.1108160975783
12.3952946236839
11.4883842539131
12.6257600198098
12.3752780392742
12.0449801593719
12.0190834441922
11.5019256340329
12.0407313078087
12.3046008395267
11.0452848452211
12.5394378708335
11.2095515993895
10.9706272560146
11.2097374990176
13.2151576638715
12.2360090030785
11.8119837613539
12.8787687252951
12.8540335594554
13.5830234446178
12.2900162398398
11.971041243471
11.6103755818372
13.3165589815278
11.0337202618574
12.8395718913031
11.3726625222007
12.9342701332246
12.7715396033778
12.122541340241
12.5956160657625
13.0206160326649
10.697994946184
11.4295597302149
11.4558913854302
12.818052733853
11.6169945032147
11.9487472833359
11.6005666903162
12.4542201292644
11.8287906928104
11.7485963815239
11.7002737136045
11.6696496217648
12.2479107886174
11.311827543329
10.464848784738
11.1896640857637
12.279728975406
10.9966555140322
10.9707713498625
10.2297735523645
12.6083413473791
11.7962089793362
11.6128392934098
11.1476131625203
11.9799455180623
13.9261216649042
12.9723214479656
11.6628502193786
12.3913518574351
10.8507121427397
10.7858372636648
12.0076942405312
11.8071192612081
11.5332043404586
12.0850435711607
10.9022580324453
10.9799533262096
12.0962478728977
12.817393453167
11.0248472081023
10.5763144511744
11.8573987828659
11.6535899051293
12.4594502170512
11.0699342156359
12.1162138968531
11.2312719456389
13.2021521049021
13.4722025910621
11.8548626489036
12.4385439497289
11.3598501259376
11.9011934444254
12.4372337723288
12.3723440379983
12.9326352689037
13.3013096152887
12.6784326390057
12.1068533077775
10.7331988163967
11.1265232461673
11.7760505592127
11.5270970928368
11.0639645870078
11.2454373994334
11.9757368914002
12.2569052941808
13.9905133815436
11.1814346991841
11.6843863694233
11.8422793767246
11.0589298919052
11.843212717187
12.5342775138328
11.2795037940286
13.9229402739175
11.6116026548471
12.6226722079213
12.8095199108614
10.9735685039328
12.255429702197
13.5609909502877
11.0845883481428
10.5330246778613
13.0354106408784
11.8095382166347
10.2184029989206
10.425892633995
13.501671962328
11.7246846107467
11.0650501230051
13.8126904620533
12.4771536703838
13.5686784332761
11.3989463200764
11.343363994505
10.3848925566674
10.1780639583189
12.8111822270478
12.8913070621018
12.0435416165061
12.7918144016213
11.3439008334165
12.2898691692785
11.1450471735542
12.4097891643196
12.2189082552494
11.7623554847327
11.0502386933419
12.4214312674434
12.4137592816231
11.0999891144247
12.2008931230453
12.1465854251743
11.5877701886119
12.122954646401
12.0150776730106
11.7929358635732
11.8284573837193
12.3746117120391
11.0931388435953
12.5986923937771
11.2107167332801
12.7837552496579
11.5956597930395
12.6439614551806
12.8362506889999
11.6227114778217
11.8523281180417
11.7349614185385
11.2203209682167
12.6131053999924
12.0741491405564
12.0595334527428
12.0783618238467
12.0606582316133
11.4336677544319
11.6902942212646
12.0145029964998
11.9640355984975
11.2920615722649
11.8111306117861
11.5872575665196
12.1242561653032
11.4572762813142
10.1964914445458
13.7048000056507
11.9585075860356
11.1146841176372
11.8384631457072
12.1469880816851
12.9874276983037
10.4439487168866
11.3654444951927
12.5204096113234
12.3999390953224
11.0871550558512
12.7758872328252
11.5845513951654
13.0355275934571
11.7932397183122
10.9135040167612
11.8158780318648
12.979085912719
13.3445448324483
11.7029414688213
12.1784757571274
12.5042034084516
13.3594640824521
12.6865535083099
12.0124903031129
12.1262190570185
12.027209899739
12.0542797200867
12.7365673036914
11.5165232680142
10.5758012154457
11.4275216000332
11.5774276785097
12.7388343014891
10.4250051084316
12.564208473711
11.544322601793
11.0558309476949
12.5999187643739
12.4368880395744
12.1854945651025
11.8726819537015
11.9876611366005
12.5553095631313
11.1377977669714
12.5719365549844
11.6265485439664
11.5424554774715
11.1936661357274
10.9218164610248
12.2405446437532
12.0026256923105
12.1570250703973
12.7155219337071
12.0941185911542
11.8154625551323
11.719687592621
11.80945072451
10.5057345095312
11.6147616359518
10.312623056304
11.9990588018854
10.4997403919938
13.5074348783894
10.9719221119089
12.5394292656593
10.3583391432846
11.6242726099039
13.2146491046592
12.8230382812614
11.7720594608871
11.2104276037914
13.1213745638782
13.2468535152766
12.7158040734001
13.1027640749307
11.9319134857291
14.0262394919422
13.1306232691611
11.4069751694528
12.0228587252886
10.6493585989651
11.8442128734076
11.8184711296977
12.4039128232455
12.5345217770806
11.3816334086531
10.5246951820694
12.7632732077641
12.7392213225474
13.5768596693754
10.4475088135159
11.1362658103318
11.4832353540469
12.1226368906585
12.3257282495408
10.0418600012554
11.6645960592759
12.3790972476428
12.0278406755848
13.4705501618111
11.4429910371237
12.3110529489892
10.8111423350195
11.6766723429265
10.6649610875034
11.9576215610399
11.5462803162851
11.2860590029397
11.0352129809403
12.6874329503731
12.5153718773694
12.6371493139404
11.7107858607799
11.6722680038384
12.1552268009075
11.0180853758815
11.5929918022674
11.5406015471376
12.2707819083089
11.810663732129
12.8105867333217
12.1175762743822
10.3312301289475
12.6803462835938
12.7508558242506
12.3517493518154
11.5394789356005
10.2493200265079
11.9137921804774
12.3103814168876
10.751676510655
11.2388459175009
11.5760700354806
13.7461575047819
12.3739978187749
13.1454266143701
11.2837992735689
10.5779820415466
10.9585234282727
10.686249066143
11.6621223662406
13.4637889383894
12.2157458017434
12.5093834145231
11.9669129762834
11.3994117197561
11.5258821156376
11.4909873869978
12.204768908281
12.485802766793
11.6576024466979
12.140415819783
12.1815116611329
12.4945875624874
12.2522531290786
12.8254366200202
11.7401094476222
11.9632533373996
11.1651374228351
13.7452384342562
10.8717365698623
11.8149757186577
11.6867181564776
11.1799681513565
11.8573177931796
11.8355083345218
11.2108504161052
12.8258243777796
11.7860652031897
10.348246203228
12.4248466356019
11.3918170550727
10.9915325270007
13.1243530104231
12.9363441870168
12.2676876672516
12.8063967838453
11.5876200085997
11.7085835680695
12.2539107862597
12.0573145780318
11.6899208536886
11.8096123313238
11.8529178943903
12.1426839830236
10.6726866058274
11.6450835277155
11.7135362482257
11.7755209009073
10.9208551399375
12.4406388303773
11.9076388826172
11.0598879821395
12.2554143786006
13.6018985413269
12.2577855742518
11.9780308521671
11.842121299686
10.8271226902798
11.7201816141915
13.1344015253198
12.5995743120789
11.5299440818419
11.6155395046768
11.9969815498472
12.0341522007125
11.1188297796698
12.6525879729549
12.1302559473907
12.9806818509537
10.8803640227151
12.8047843618825
13.2144810381842
12.1873646144912
11.2287217372218
12.2139451638057
11.9045597263881
9.22734900364472
12.2282261118236
11.6973897493856
12.0691991747931
12.7143891265941
12.1472231169048
11.6103720512704
12.0979337246382
11.8730039813529
11.6027288130798
10.6978336301481
10.0100657368262
12.3142047018567
10.829405317276
10.3318822912492
12.4284457675861
10.9610103154959
11.903467183312
11.9446865198077
9.59647382600862
11.3718071443442
11.718249572678
12.1227765999111
12.3850362608629
11.6286449758769
11.9641599529368
11.7279643106222
11.7616522684717
11.846901738333
11.5942166473178
11.3851478307815
10.9053667745998
12.230887728478
12.0080279983802
10.9610341401092
12.1166964169515
10.0891413413077
11.0180137662282
11.5169954317352
11.7585547923169
12.4643662751421
12.176876557185
11.742973691342
11.8904306256722
12.3618193245795
11.8061604499727
12.0764962069786
10.3593265444832
11.9140227674786
11.7847358996948
10.7953968194949
12.5368963436635
11.3527935712394
12.739597849788
12.6170764117864
12.2184958851122
12.0015194958849
14.2335067338469
12.1429160095126
11.3895690092454
11.4040958710107
12.0830756306183
10.711566487838
11.3026910373434
12.8371323002307
11.4904789617636
11.2950262376646
11.4283460815455
11.6123723122753
10.4964536377866
12.1937667993364
12.3120135641187
12.8144199178344
11.4311119391761
13.3553060916662
12.7487861087277
11.2595525137446
11.9548692552679
13.3074224830119
12.5081351500965
13.2466121309006
12.7791382882046
11.7896943198626
11.9459134478555
10.859995117067
10.1152034188032
11.701864874575
12.450673987482
11.3177853754447
11.2987077250459
11.6144779099987
11.1656261257476
10.7882542835942
11.8411357832634
12.1937626359234
11.039462587099
12.9852030663547
13.1848410530013
11.337879595733
11.1186392578781
10.8451890322769
11.3419112405148
12.0369683120347
11.4356897996343
12.0602177736926
12.2904884544843
11.3362591909106
12.5137380244231
13.185772457126
10.8894517604479
12.3405383922163
12.0796344506121
12.8207307554575
11.6116126359762
12.6373455681073
11.1437930019623
11.4034629287542
12.4028059895866
11.5081422576557
11.809307589294
11.7371291808681
10.8906584517764
11.5651605441515
11.7677020500332
11.6755142605131
11.6943051355013
12.6900460839561
12.5466546407136
11.6876040127059
13.9110337660932
10.7575308619213
12.129462595892
12.0858696086333
11.7523066847768
12.9674966055344
13.7336928112532
11.132861088893
13.2089401781252
10.7340096849532
12.0860583651661
12.5562128278112
12.0558734143773
13.6187420826363
12.2306494521873
12.5052082798779
11.853980656163
12.2204439314838
11.4899884099596
12.1068718939633
11.8788613834294
10.6135986232046
10.804085676692
10.499483356347
10.9673180698469
11.4239173204853
10.3349345579984
14.3910419106955
10.8540952914191
11.0340026932704
11.6153284741146
9.98335992103742
10.5177886649742
12.0123335612792
11.1591449523522
11.6892246007375
11.1337069062045
11.5933800600074
11.961646390218
11.1068527721878
12.4779334185894
12.8228182590618
11.554824031094
11.2953611075314
11.4721501456652
10.9097717169484
10.3471112778438
11.7273645997982
11.8408410374586
11.9467514466938
11.718518314352
11.9504731259326
12.6104062274003
10.3998869497326
12.0666348912578
12.5411897843435
12.0396405157529
11.1576787190845
12.1945051511535
11.4633494558841
11.8960398502358
12.8920510668966
11.3848690101051
10.9454778812588
11.9551388251258
11.8867050436588
11.0182150226525
12.5973093932482
11.3181282567244
11.082099042685
12.6888742036813
11.877468309933
12.0919799996234
12.357733779173
11.8214603707548
11.2343181666868
12.4683978552793
12.2225055760921
12.4245318069687
11.781679318943
11.9220703574252
11.6336049131966
11.4304858847744
11.7423550330837
11.0400236476537
13.0805230909822
12.3771515272138
11.8016308804607
12.1837379897801
11.3683044540102
10.8221218279965
11.9739828113431
13.0198236270012
12.1761156867454
12.684417377333
12.3114334167607
11.9739521959412
11.7463802070699
12.8787180482271
11.7451320109549
11.6065821556174
11.3430176071872
10.6136779972968
11.8824101622583
11.3338178401024
11.0699112159978
12.80632315217
12.2281644035794
11.3998687921779
11.8631359993925
12.2885833246127
11.5971863830913
11.4877515105725
11.2948363919167
11.9175978677148
12.7921624804237
11.3603581228859
12.2482610510653
11.0798574771385
11.5877937699961
11.8025977787644
11.2961947196457
11.4320112043037
12.4021537016557
9.99063264698681
12.5165780906612
12.2353929466778
10.6149550046066
10.8116832933217
11.2601611665707
11.6026450524526
13.0579633993255
11.9369844858447
13.3633536311032
11.0497083524984
11.4829820579297
11.4859323900648
12.2894153692632
12.1303425880043
10.5773654646305
11.4731106673464
11.466698318907
11.363869144708
13.7308167538724
12.3507769727187
11.0898983899159
12.1801137603904
11.6460839162195
11.8086623159044
13.0327098616966
13.0555600037503
11.5881208279882
10.1170381162736
12.1397033708284
12.2061354486832
13.9322755954577
12.0879048977104
10.4479687244422
12.0656306746047
12.6151066815972
14.195856425918
11.6213166500021
11.9468420339929
11.9841401723657
11.2509559266341
12.4544716901061
12.1236636850008
11.9452528420224
12.396308458925
11.1003094262627
11.4723639072963
11.7479642248794
11.2016412173772
11.6916304524803
11.0211601711103
12.0919594998437
12.2530697443952
12.7846831333641
12.7210672131646
11.0194621043053
12.4238557468574
11.5057656372674
11.297878553928
12.1792198070793
11.2265579110866
12.6703741579826
13.0989841445432
11.8555137909744
11.3893750353301
12.8180747523338
11.7783830449213
11.6273626001162
11.8603630675622
12.42631916116
12.3291526489122
12.1983523368714
11.8853170331277
12.3484177561932
12.5098090443884
12.5830692453289
11.2094561419993
12.4670995314785
12.3945953340165
11.9044989308811
13.4515737300309
13.1620881336825
12.4081787704676
12.002582249172
12.4475012959069
12.0383781523867
11.8020008632119
11.9257772998734
11.9345000473763
12.3036696750595
11.772943536052
11.1263647157999
11.7014178478653
12.9990582404835
12.6106417301262
10.9497540291353
11.2199893114557
11.0049450372038
11.4624620195736
11.0872470435533
11.9043158602387
11.5588459772356
12.2071083236574
11.1275290016431
11.6409023469842
11.8063573819631
12.3724768912698
13.4007003564592
11.336232453859
11.7285833035588
11.0088712445721
11.5378527996261
12.3168320887542
11.4653799695519
12.2349419482649
11.5716712958325
10.7585470558153
11.0048723044731
10.4949507728635
12.1719402238439
11.4426909576219
12.3839259898047
13.3204808437831
12.3944865202342
12.4513502456341
12.8828328022355
10.9665972950686
11.7893599374544
11.7305578504843
12.1058821630632
11.6035550086267
12.4112912589762
12.9633996390671
10.3218975619328
12.127519675598
10.3868340320393
12.1573270131345
11.0854151306665
12.4153063875585
13.5863502758931
12.8692496039965
12.6337846161122
11.1901106504487
12.4460670509915
12.7266072978714
10.980780995056
11.5805077970376
11.6666734702417
12.3452635226916
11.9960201223509
11.6604861196558
12.9806350914007
10.4112194686917
13.4040675630579
11.6206565052742
11.2933717246386
11.4616716888633
11.6673414994036
10.8587649407961
12.09325116803
11.058662407225
11.7869154820115
10.8190458091951
11.4008503096295
11.4514861141808
11.3730986673661
11.9061327503412
12.2145336304709
12.6512653031106
10.8900430474239
10.8092642249271
11.243788355371
11.8817194012862
11.5033635460512
12.5836843215147
14.0340332224454
10.2000343581519
12.2568470292835
12.8341719140755
11.9877052707583
12.397907389593
11.1721948369321
11.8579010425116
10.5711499572531
13.0550247170245
11.3814633507359
12.2107584531311
11.8567505712844
11.6234702488096
10.6474255788489
11.3771715106205
11.9892986502005
11.9260891031305
13.6802326861511
11.2898706552466
11.032422376135
12.1159140831137
12.8484876859038
12.3485954510375
10.7643310571026
11.7000378467797
11.3005640752908
11.7880859351966
11.1297160768907
12.1898033406454
11.3384952493946
12.6637945687928
11.4647866324368
12.1356464304268
12.1879996268697
13.1825967925737
11.0276661233104
10.9988628649766
11.3233555213798
12.1373201022241
11.910832417263
12.0740316439707
11.3642893884702
13.0452122813075
11.3827031567531
12.2772550141374
13.6461030706845
11.7085513632661
11.9153809271779
11.2125028627774
11.2841549661241
11.151996251212
12.1679525211711
12.6764158156887
12.9643381498409
11.5911741477523
11.1679304844126
12.1606580741998
10.8958916850341
12.3046671082433
12.2980302899118
11.6085190240314
12.460266354081
11.1704497092614
11.0687529088319
11.2711857304342
11.5458891807835
12.7227741173055
12.1121757556556
10.8918915726181
12.0004324802988
11.6783825280222
13.3328659010094
12.0759743356803
12.652173859301
11.5948797441907
12.0353106406563
10.9921753299781
10.8657957306177
11.7686599193342
12.4709018428938
10.6026671755705
11.8874245610291
10.3313880360796
11.6954014825933
13.5176026613065
12.3148008022301
13.5344815205229
11.7617459991162
11.7794872126529
11.308514677051
11.5176248497623
11.2795935650653
11.1023725708952
11.4695701799576
12.1445468940559
11.2511592349634
12.3288969396772
11.3797768570697
11.2989494824682
11.5241719026294
11.5886253438998
12.0868483347808
11.9409023265562
11.3320790696
10.9266228619607
13.6261275684121
11.6169547113858
11.1100459476743
10.9594077087383
13.2247131835309
12.315422660729
11.4398248531656
12.9405532295348
11.362823808292
11.9170905462067
10.8806600580213
12.7786041735397
10.5425646950936
11.0399698720413
11.3954439058611
11.4915851084073
11.6853651816792
11.6290695746393
13.3167915566294
10.9536365990088
10.3730320053735
11.991666258666
10.9923020871853
11.6584304444159
13.3940603379689
13.1883954003569
13.0494139738647
12.3313703050769
13.236816731763
11.5947416782445
12.0753618366177
11.9802378344514
12.0889194222797
11.2424250673911
12.2241305397875
12.3606930856457
11.6960861607836
11.4895407809911
10.6810385333072
11.4185104440785
12.9792686851096
11.5989801153661
13.5106413712666
11.7941562992476
11.7085504843685
12.8049727906493
11.6269027697204
12.5204687253197
12.3272887636086
10.7925385820621
11.6720157234224
12.1895896603901
12.8921137250511
12.8662179184389
12.3321239806773
10.7452067307744
10.7559561128407
12.2266575474149
11.9613765682095
13.2851545912083
13.1763485105702
10.9013081566161
11.9711402269659
11.3301183670598
12.0640787492783
11.0520910474994
11.2026668726354
11.3602408088741
11.6636005630021
11.3180773484497
13.114094170917
10.6253880284504
12.6953666890401
12.3838686896666
11.3627366589728
10.5201589019381
11.6810648484777
11.7766069225911
